10001100000000010000000000000000	
10001100000000100000000000000100
10001100000000110000000000001000
00000000011000100000100000100000
00000000001000100010000000100010
00110100001001010000000000000010
00010000010000110000000000000010
00000000000000100011001001000000
00000000000001100011101001000010				
10101100000001100000000000001100
10001100000010000000000000001100
00010000110010000000000000000011
00100000110000100000010000000000
00110100010000110000000000000001
00000000000000000000000000000000
10001100000000010000000000000000	
00001100000000000000000001001100‬
00100000001000010000000000000001
00100000010000100000000000000001
00000011111000000000000000001000
10001100000000010000000000000000




